# observatory=LOFAR
# coordsys=XYZ
3829366.576164 -461234.378666 5062717.186778 50.000000 ST001
4033700.953553 -486917.144414 4900099.794349 50.000000 DE601
4151702.711118 -829064.597922 4754398.640435 50.000000 DE602
3798772.686741 -880997.286443 5030235.594864 50.000000 DE603
3939025.701991 -817167.058466 4932844.437293 50.000000 DE604
4003971.471388 -446166.836712 4928093.250767 50.000000 DE605
4325922.782209 -165829.810188 4668260.129400 50.000000 FR606
3367644.307980 -717197.230933 5350912.490821 50.000000 SE607
4007186.858428 100641.823121 4944510.877097 50.000000 UK608
3726003.478575 -657685.610479 5117468.330755 50.000000 DE609
